cfg_trkplace_sumgauss = ...
[ 0.62 0.892 0 0 0 0 0 0 0 0 0.19 0.453 0.675 -2 ...
156 854 1 1620 54 3 1 0 1.03 0 0 ];